[ ]{0:LDARGS}            main 命令行参数
[ 0 ]{1:CALL 0 5}          调用函数 0个参数 位置在5

			4是返回地址  -999是bp默认值
[ 0 4 -999 ]{5:INCSP 1}        分配一个空间
[ 0 4 -999 0 ]{7:GETBP}       bp=3
[ 0 4 -999 0 3 ]{8:CSTI 0}     0入栈
[ 0 4 -999 0 3 0 ]{10:ADD}       3+0=3入栈
[ 0 4 -999 0 3 ]{11:CSTI 5}         5入栈
[ 0 4 -999 0 3 5 ]{13:STI}        当前sp在下标5，sp-1为3，把下标3的值赋为5，并把
                                                  sp-1的位置赋为5
[ 0 4 -999 5 5 ]{14:INCSP -1}      释放一个空间，丢弃5
[ 0 4 -999 5 ]{16:GETBP}         bp=3
[ 0 4 -999 5 3 ]{17:CSTI 0}    0入栈
[ 0 4 -999 5 3 0 ]{19:ADD}        3+0=3入栈
[ 0 4 -999 5 3 ]{20:LDI}             获取下标3的值=5
[ 0 4 -999 5 5 ]{21:PRINTI}       打印
5 [ 0 4 -999 5 5 ]{22:INCSP -1}       释放空间，丢弃5
[ 0 4 -999 5 ]{24:GETBP}            bp=3
[ 0 4 -999 5 3 ]{25:CSTI 0}           0入栈
[ 0 4 -999 5 3 0 ]{27:ADD}         3+0=3入栈
[ 0 4 -999 5 3 ]{28:DUP}               复制一个3
            为了保留原值
                    ↓
[ 0 4 -999 5 3 3 ]{29:LDI}              获取下标3的值=5
[ 0 4 -999 5 3 5 ]{30:CSTI 1}         1入栈
[ 0 4 -999 5 3 5 1 ]{32:ADD}         5+1=6入栈
[ 0 4 -999 5 3 6 ]{33:STI}              当前sp在下标5，sp-1为3，把下标3的值赋为6，并把
                                                  sp-1的位置赋为6
[ 0 4 -999 6 6 ]{34:INCSP -1}      释放空间，丢弃6
[ 0 4 -999 6 ]{36:GETBP}            bp=3
[ 0 4 -999 6 3 ]{37:CSTI 0}       0入栈
[ 0 4 -999 6 3 0 ]{39:ADD}      3+0=3
[ 0 4 -999 6 3 ]{40:LDI}          获取下标3的值=6
[ 0 4 -999 6 6 ]{41:PRINTI}       打印
6 [ 0 4 -999 6 6 ]{42:INCSP -1}        释放空间，丢弃6
[ 0 4 -999 6 ]{44:INCSP 1}         分配空间

[ 0 4 -999 6 6 ]{46:GETBP}           bp=3
[ 0 4 -999 6 6 3 ]{47:CSTI 1}        1入栈
[ 0 4 -999 6 6 3 1 ]{49:ADD}        3+1=4
[ 0 4 -999 6 6 4 ]{50:CSTI 5}        5入栈
[ 0 4 -999 6 6 4 5 ]{52:STI}            当前sp在下标6，sp-1为4，把下标4的值赋为5，并把
                                                  sp-1的位置赋为5
[ 0 4 -999 6 5 5 ]{53:INCSP -1}      释放空间，丢弃5
[ 0 4 -999 6 5 ]{55:GETBP}          bp=3
[ 0 4 -999 6 5 3 ]{56:CSTI 1}       1入栈
[ 0 4 -999 6 5 3 1 ]{58:ADD}        3+1=4
[ 0 4 -999 6 5 4 ]{59:LDI}           获取下标4的值为5
[ 0 4 -999 6 5 5 ]{60:PRINTI}         打印
5 [ 0 4 -999 6 5 5 ]{61:INCSP -1}        释放空间
[ 0 4 -999 6 5 ]{63:GETBP}          bp=3
[ 0 4 -999 6 5 3 ]{64:CSTI 1}        1入栈
[ 0 4 -999 6 5 3 1 ]{66:ADD}         3+1=4
[ 0 4 -999 6 5 4 ]{67:DUP}           复制一个4
[ 0 4 -999 6 5 4 4 ]{68:LDI}            获取下标4的值为5
[ 0 4 -999 6 5 4 5 ]{69:CSTI 1}       1入栈
[ 0 4 -999 6 5 4 5 1 ]{71:SUB}          5-1=4
[ 0 4 -999 6 5 4 4 ]{72:STI}                当前sp在下标6，sp-1为4，把下标4的值赋为4，并				把sp-1的位置赋为4
[ 0 4 -999 6 4 4 ]{73:INCSP -1}       释放空间
[ 0 4 -999 6 4 ]{75:GETBP}             bp=3
[ 0 4 -999 6 4 3 ]{76:CSTI 1}       1入栈
[ 0 4 -999 6 4 3 1 ]{78:ADD}         3+1=4
[ 0 4 -999 6 4 4 ]{79:LDI}           获取下标4的值为4
[ 0 4 -999 6 4 4 ]{80:PRINTI}          打印
4 [ 0 4 -999 6 4 4 ]{81:INCSP -1}          释放空间
[ 0 4 -999 6 4 ]{83:INCSP 1}           分配空间
[ 0 4 -999 6 4 4 ]{85:GETBP}           bp=3
[ 0 4 -999 6 4 4 3 ]{86:CSTI 2}         2入栈
[ 0 4 -999 6 4 4 3 2 ]{88:ADD}         3+2=5
[ 0 4 -999 6 4 4 5 ]{89:CSTI 5}            5入栈
[ 0 4 -999 6 4 4 5 5 ]{91:STI}            当前sp在下标7，sp-1为5，把下标5的值赋为5，并				把sp-1的位置赋为5
[ 0 4 -999 6 4 5 5 ]{92:INCSP -1}      释放空间
[ 0 4 -999 6 4 5 ]{94:GETBP}        bp=3
[ 0 4 -999 6 4 5 3 ]{95:CSTI 2}     2入栈
[ 0 4 -999 6 4 5 3 2 ]{97:ADD}        3+2=5
[ 0 4 -999 6 4 5 5 ]{98:LDI}          获取下标5的值为5
[ 0 4 -999 6 4 5 5 ]{99:PRINTI}      打印
5 [ 0 4 -999 6 4 5 5 ]{100:INCSP -1}  释放空间
[ 0 4 -999 6 4 5 ]{102:GETBP}         bp=3
[ 0 4 -999 6 4 5 3 ]{103:CSTI 2}            2入栈
[ 0 4 -999 6 4 5 3 2 ]{105:ADD}     3+2=5
[ 0 4 -999 6 4 5 5 ]{106:DUP}          复制5
[ 0 4 -999 6 4 5 5 5 ]{107:LDI}          获取下标5的值为5
[ 0 4 -999 6 4 5 5 5 ]{108:CSTI 2}        2入栈
[ 0 4 -999 6 4 5 5 5 2 ]{110:MUL}          5*2=10
[ 0 4 -999 6 4 5 5 10 ]{111:STI}        当前sp在下标7，sp-1为5，把下标5的值赋为10，并				         把sp-1的位置赋为10
[ 0 4 -999 6 4 10 10 ]{112:INCSP -1}      释放空间
[ 0 4 -999 6 4 10 ]{114:GETBP}         bp=3
[ 0 4 -999 6 4 10 3 ]{115:CSTI 2}     2入栈
[ 0 4 -999 6 4 10 3 2 ]{117:ADD}       3+2=5
[ 0 4 -999 6 4 10 5 ]{118:LDI}          获取下标5的值为10
[ 0 4 -999 6 4 10 10 ]{119:PRINTI}     打印
10 [ 0 4 -999 6 4 10 10 ]{120:INCSP -1}         释放空间
[ 0 4 -999 6 4 10 ]{122:INCSP 1}               分配空间
[ 0 4 -999 6 4 10 10 ]{124:GETBP}           bp=3
[ 0 4 -999 6 4 10 10 3 ]{125:CSTI 3}        3入栈
[ 0 4 -999 6 4 10 10 3 3 ]{127:ADD}        3+3=6
[ 0 4 -999 6 4 10 10 6 ]{128:CSTI 5}            5入栈
[ 0 4 -999 6 4 10 10 6 5 ]{130:STI}     当前sp在下标8，sp-1为6，把下标6的值赋为5，并				         把sp-1的位置赋为5
[ 0 4 -999 6 4 10 5 5 ]{131:INCSP -1}      释放空间
[ 0 4 -999 6 4 10 5 ]{133:GETBP}           bp=3
[ 0 4 -999 6 4 10 5 3 ]{134:CSTI 3}      3入栈
[ 0 4 -999 6 4 10 5 3 3 ]{136:ADD}        3+3=6
[ 0 4 -999 6 4 10 5 6 ]{137:LDI}          获取下标6的值为5
[ 0 4 -999 6 4 10 5 5 ]{138:PRINTI}      打印
5 [ 0 4 -999 6 4 10 5 5 ]{139:INCSP -1}         释放空间
[ 0 4 -999 6 4 10 5 ]{141:GETBP}         
[ 0 4 -999 6 4 10 5 3 ]{142:CSTI 3}
[ 0 4 -999 6 4 10 5 3 3 ]{144:ADD}
[ 0 4 -999 6 4 10 5 6 ]{145:DUP}
[ 0 4 -999 6 4 10 5 6 6 ]{146:LDI}
[ 0 4 -999 6 4 10 5 6 5 ]{147:CSTI 2}
[ 0 4 -999 6 4 10 5 6 5 2 ]{149:DIV}
[ 0 4 -999 6 4 10 5 6 2 ]{150:STI}
[ 0 4 -999 6 4 10 2 2 ]{151:INCSP -1}
[ 0 4 -999 6 4 10 2 ]{153:GETBP}
[ 0 4 -999 6 4 10 2 3 ]{154:CSTI 3}
[ 0 4 -999 6 4 10 2 3 3 ]{156:ADD}
[ 0 4 -999 6 4 10 2 6 ]{157:LDI}
[ 0 4 -999 6 4 10 2 2 ]{158:PRINTI}
2 [ 0 4 -999 6 4 10 2 2 ]{159:INCSP -1}
[ 0 4 -999 6 4 10 2 ]{161:INCSP 1}
[ 0 4 -999 6 4 10 2 2 ]{163:GETBP}
[ 0 4 -999 6 4 10 2 2 3 ]{164:CSTI 4}
[ 0 4 -999 6 4 10 2 2 3 4 ]{166:ADD}
[ 0 4 -999 6 4 10 2 2 7 ]{167:CSTI 5}
[ 0 4 -999 6 4 10 2 2 7 5 ]{169:STI}
[ 0 4 -999 6 4 10 2 5 5 ]{170:INCSP -1}
[ 0 4 -999 6 4 10 2 5 ]{172:GETBP}
[ 0 4 -999 6 4 10 2 5 3 ]{173:CSTI 4}
[ 0 4 -999 6 4 10 2 5 3 4 ]{175:ADD}
[ 0 4 -999 6 4 10 2 5 7 ]{176:LDI}
[ 0 4 -999 6 4 10 2 5 5 ]{177:PRINTI}
5 [ 0 4 -999 6 4 10 2 5 5 ]{178:INCSP -1}
[ 0 4 -999 6 4 10 2 5 ]{180:GETBP}
[ 0 4 -999 6 4 10 2 5 3 ]{181:CSTI 4}
[ 0 4 -999 6 4 10 2 5 3 4 ]{183:ADD}
[ 0 4 -999 6 4 10 2 5 7 ]{184:DUP}
[ 0 4 -999 6 4 10 2 5 7 7 ]{185:LDI}
[ 0 4 -999 6 4 10 2 5 7 5 ]{186:CSTI 3}
[ 0 4 -999 6 4 10 2 5 7 5 3 ]{188:MOD}
[ 0 4 -999 6 4 10 2 5 7 2 ]{189:STI}
[ 0 4 -999 6 4 10 2 2 2 ]{190:INCSP -1}
[ 0 4 -999 6 4 10 2 2 ]{192:GETBP}
[ 0 4 -999 6 4 10 2 2 3 ]{193:CSTI 4}
[ 0 4 -999 6 4 10 2 2 3 4 ]{195:ADD}
[ 0 4 -999 6 4 10 2 2 7 ]{196:LDI}
[ 0 4 -999 6 4 10 2 2 2 ]{197:PRINTI}
2 [ 0 4 -999 6 4 10 2 2 2 ]{198:INCSP -1}
[ 0 4 -999 6 4 10 2 2 ]{200:INCSP -5}
[ 0 4 -999 ]{202:RET -1}
[ 0 -999 ]{4:STOP}