[ ]{0:LDARGS}
[ 0 ]{1:CALL 0 5}
[ 0 4 -999 ]{5:INCSP 1}
[ 0 4 -999 0 ]{7:GETBP}
[ 0 4 -999 0 3 ]{8:CSTI 0}
[ 0 4 -999 0 3 0 ]{10:ADD}
[ 0 4 -999 0 3 ]{11:CSTI 8}
[ 0 4 -999 0 3 8 ]{13:STI}
[ 0 4 -999 8 8 ]{14:INCSP -1}
[ 0 4 -999 8 ]{16:GOTO 40}
[ 0 4 -999 8 ]{40:GETBP}
[ 0 4 -999 8 3 ]{41:CSTI 0}
[ 0 4 -999 8 3 0 ]{43:ADD}
[ 0 4 -999 8 3 ]{44:LDI}
[ 0 4 -999 8 8 ]{45:CSTI 5}
[ 0 4 -999 8 8 5 ]{47:LT}
[ 0 4 -999 8 0 ]{48:IFNZRO 18}
[ 0 4 -999 8 ]{50:INCSP 1}
[ 0 4 -999 8 0 ]{52:GETBP}
[ 0 4 -999 8 0 3 ]{53:CSTI 1}
[ 0 4 -999 8 0 3 1 ]{55:ADD}
[ 0 4 -999 8 0 4 ]{56:CSTI 1}
[ 0 4 -999 8 0 4 1 ]{58:STI}
[ 0 4 -999 8 1 1 ]{59:INCSP -1}
[ 0 4 -999 8 1 ]{61:GOTO 85}
[ 0 4 -999 8 1 ]{85:GETBP}
[ 0 4 -999 8 1 3 ]{86:CSTI 1}
[ 0 4 -999 8 1 3 1 ]{88:ADD}
[ 0 4 -999 8 1 4 ]{89:LDI}
[ 0 4 -999 8 1 1 ]{90:CSTI 6}
[ 0 4 -999 8 1 1 6 ]{92:LT}
[ 0 4 -999 8 1 1 ]{93:IFNZRO 63}
[ 0 4 -999 8 1 ]{63:GETBP}
[ 0 4 -999 8 1 3 ]{64:CSTI 1}
[ 0 4 -999 8 1 3 1 ]{66:ADD}
[ 0 4 -999 8 1 4 ]{67:LDI}
[ 0 4 -999 8 1 1 ]{68:PRINTI}
1 [ 0 4 -999 8 1 1 ]{69:INCSP -1}
[ 0 4 -999 8 1 ]{71:INCSP 0}
[ 0 4 -999 8 1 ]{73:GETBP}
[ 0 4 -999 8 1 3 ]{74:CSTI 1}
[ 0 4 -999 8 1 3 1 ]{76:ADD}
[ 0 4 -999 8 1 4 ]{77:DUP}
[ 0 4 -999 8 1 4 4 ]{78:LDI}
[ 0 4 -999 8 1 4 1 ]{79:CSTI 2}
[ 0 4 -999 8 1 4 1 2 ]{81:ADD}
[ 0 4 -999 8 1 4 3 ]{82:STI}
[ 0 4 -999 8 3 3 ]{83:INCSP -1}
[ 0 4 -999 8 3 ]{85:GETBP}
[ 0 4 -999 8 3 3 ]{86:CSTI 1}
[ 0 4 -999 8 3 3 1 ]{88:ADD}
[ 0 4 -999 8 7 4 ]{89:LDI}
[ 0 4 -999 8 7 7 ]{90:CSTI 6}
[ 0 4 -999 8 7 7 6 ]{92:LT}
[ 0 4 -999 8 7 0 ]{93:IFNZRO 63}
[ 0 4 -999 8 7 ]{95:INCSP -2}
[ 0 4 -999 ]{97:RET -1}
[ 0 -999 ]{4:STOP}