[ ]{0:LDARGS}         // main 命令行参数 i = 0【传入i为0】
[ 0 ]{1:CALL 0 5}           //CAll指令 参数0个 跳到5
[ 0 4 -999 ]{5:INCSP 1}              -999是bp默认值，4是返回地址   给变量x分配一个空间
[ 0 4 -999 0 ]{7:GETBP}         获取bp=3
[ 0 4 -999 0 3 ]{8:CSTI 0}        0压入栈
[ 0 4 -999 0 3 0 ]{10:ADD}      3+0=3压入栈
[ 0 4 -999 0 3 ]{11:CSTI 3}     3压入栈
[ 0 4 -999 0 3 3 ]{13:STI}         
[ 0 4 -999 3 3 ]{14:INCSP -1}     释放空间，丢弃栈顶3
[ 0 4 -999 3 ]{16:GETBP}          获取bp=3
[ 0 4 -999 3 3 ]{17:CSTI 0}         0入栈
[ 0 4 -999 3 3 0 ]{19:ADD}        3+0=3压入栈
[ 0 4 -999 3 3 ]{20:DUP}           复制一份
[ 0 4 -999 3 3 3 ]{21:LDI}          取出下标3的值=3，并压回栈
[ 0 4 -999 3 3 3 ]{22:CSTI 1}        1压入栈
[ 0 4 -999 3 3 3 1 ]{24:ADD}     3+1=4压入栈
[ 0 4 -999 3 3 4 ]{25:STI}        
[ 0 4 -999 4 4 ]{26:PRINTI}        打印
4 [ 0 4 -999 4 4 ]{27:INCSP -1}      释放空间 ，丢弃栈顶4
[ 0 4 -999 4 ]{29:INCSP 3}          分配三个空间，a[3]
[ 0 4 -999 4 4 4 1 ]{31:GETSP}       bp=6
[ 0 4 -999 4 4 4 1 6 ]{32:CSTI 2}    2入栈
[ 0 4 -999 4 4 4 1 6 2 ]{34:SUB}       6-2=4入栈
[ 0 4 -999 4 4 4 1 4 ]{35:GETBP}        bp=3
[ 0 4 -999 4 4 4 1 4 3 ]{36:CSTI 4}     4入栈
[ 0 4 -999 4 4 4 1 4 3 4 ]{38:ADD}  3+4=7入栈
[ 0 4 -999 4 4 4 1 4 7 ]{39:LDI}         取出下标7的值=4
[ 0 4 -999 4 4 4 1 4 4 ]{40:CSTI 0}     0入栈
[ 0 4 -999 4 4 4 1 4 4 0 ]{42:ADD}      4+0=4入栈
[ 0 4 -999 4 4 4 1 4 4 ]{43:CSTI 1}      1入栈
[ 0 4 -999 4 4 4 1 4 4 1 ]{45:STI}       
[ 0 4 -999 4 1 4 1 4 1 ]{46:INCSP -1}      释放空间 丢弃栈顶1
[ 0 4 -999 4 1 4 1 4 ]{48:GETBP}         bp=3
[ 0 4 -999 4 1 4 1 4 3 ]{49:CSTI 4}      4入栈
[ 0 4 -999 4 1 4 1 4 3 4 ]{51:ADD}    3+4=7入栈
[ 0 4 -999 4 1 4 1 4 7 ]{52:LDI}          取出下标7的值=4
[ 0 4 -999 4 1 4 1 4 4 ]{53:CSTI 1}      1入栈
[ 0 4 -999 4 1 4 1 4 4 1 ]{55:ADD}      4+1=5入栈
[ 0 4 -999 4 1 4 1 4 5 ]{56:CSTI 2}        2入栈
[ 0 4 -999 4 1 4 1 4 5 2 ]{58:STI}          
[ 0 4 -999 4 1 2 1 4 2 ]{59:INCSP -1}      释放空间
[ 0 4 -999 4 1 2 1 4 ]{61:GETBP}           bp=3
[ 0 4 -999 4 1 2 1 4 3 ]{62:CSTI 4}         4入栈
[ 0 4 -999 4 1 2 1 4 3 4 ]{64:ADD}       3+4=7入栈
[ 0 4 -999 4 1 2 1 4 7 ]{65:LDI}            取出下标7的值=4
[ 0 4 -999 4 1 2 1 4 4 ]{66:CSTI 2}         2入栈
[ 0 4 -999 4 1 2 1 4 4 2 ]{68:ADD}        4+2=6入栈
[ 0 4 -999 4 1 2 1 4 6 ]{69:CSTI 3}            3入栈
[ 0 4 -999 4 1 2 1 4 6 3 ]{71:STI}           
[ 0 4 -999 4 1 2 3 4 3 ]{72:INCSP -1}        释放空间
[ 0 4 -999 4 1 2 3 4 ]{74:GETBP}            bp=3
[ 0 4 -999 4 1 2 3 4 3 ]{75:CSTI 4}        4入栈
[ 0 4 -999 4 1 2 3 4 3 4 ]{77:ADD}        3+4=7入栈
[ 0 4 -999 4 1 2 3 4 7 ]{78:LDI}          取出下标7的值=4
[ 0 4 -999 4 1 2 3 4 4 ]{79:CSTI 2}       2入栈
[ 0 4 -999 4 1 2 3 4 4 2 ]{81:ADD}       4+2=6
[ 0 4 -999 4 1 2 3 4 6 ]{82:DUP}           复制栈顶
[ 0 4 -999 4 1 2 3 4 6 6 ]{83:LDI}           取出下标6的值=3
[ 0 4 -999 4 1 2 3 4 6 3 ]{84:CSTI 1}          1入栈
[ 0 4 -999 4 1 2 3 4 6 3 1 ]{86:ADD}           3+1=4入栈
[ 0 4 -999 4 1 2 3 4 6 4 ]{87:STI}
[ 0 4 -999 4 1 2 4 4 4 ]{88:PRINTI}
4 [ 0 4 -999 4 1 2 4 4 4 ]{89:INCSP -1}      释放空间
[ 0 4 -999 4 1 2 4 4 ]{91:INCSP -5}               释放5个空间
[ 0 4 -999 ]{93:RET -1}            返回
[ 0 -999 ]{4:STOP}