参数2

[ ]{0:LDARGS}
[ 2 ]{1:CALL 1 5}
[ 4 -999 2 ]{5:GETBP}
[ 4 -999 2 2 ]{6:CSTI 0}      
[ 4 -999 2 2 0 ]{8:ADD}       
[ 4 -999 2 2 ]{9:LDI}
[ 4 -999 2 2 ]{10:DUP}        
[ 4 -999 2 2 2 ]{11:CSTI 1}   
[ 4 -999 2 2 2 1 ]{13:EQ}     
[ 4 -999 2 2 0 ]{14:IFZERO 23}
[ 4 -999 2 2 ]{23:DUP}        
[ 4 -999 2 2 2 ]{24:CSTI 2}   
[ 4 -999 2 2 2 2 ]{26:EQ}     
[ 4 -999 2 2 1 ]{27:IFZERO 36}
[ 4 -999 2 2 ]{29:CSTI 20}
[ 4 -999 2 2 20 ]{31:PRINTI}
20 [ 4 -999 2 2 20 ]{32:INCSP -1}
[ 4 -999 2 2 ]{34:GOTO 49}
[ 4 -999 2 2 ]{49:INCSP -1}
[ 4 -999 2 ]{51:INCSP 0}
[ 4 -999 2 ]{53:RET 0}
[ 2 ]{4:STOP}