参数4

[ ]{0:LDARGS}
[ 4 ]{1:CALL 1 5}
[ 4 -999 4 ]{5:GETBP}
[ 4 -999 4 2 ]{6:CSTI 0}
[ 4 -999 4 2 0 ]{8:ADD}
[ 4 -999 4 2 ]{9:LDI}
[ 4 -999 4 4 ]{10:DUP}
[ 4 -999 4 4 4 ]{11:CSTI 1}
[ 4 -999 4 4 4 1 ]{13:EQ}
[ 4 -999 4 4 0 ]{14:IFZERO 23}
[ 4 -999 4 4 ]{23:DUP}
[ 4 -999 4 4 4 ]{24:CSTI 2}
[ 4 -999 4 4 4 2 ]{26:EQ}
[ 4 -999 4 4 0 ]{27:IFZERO 36}
[ 4 -999 4 4 ]{36:DUP}
[ 4 -999 4 4 4 ]{37:CSTI 3}
[ 4 -999 4 4 4 3 ]{39:EQ}
[ 4 -999 4 4 0 ]{40:IFZERO 49}
[ 4 -999 4 4 ]{49:INCSP -1}
[ 4 -999 4 ]{51:INCSP 0}
[ 4 -999 4 ]{53:RET 0}
[ 4 ]{4:STOP}