参数3

[ ]{0:LDARGS}
[ 3 ]{1:CALL 1 5}
[ 4 -999 3 ]{5:GETBP}
[ 4 -999 3 2 ]{6:CSTI 0}
[ 4 -999 3 2 0 ]{8:ADD}
[ 4 -999 3 2 ]{9:LDI}
[ 4 -999 3 3 ]{10:DUP}
[ 4 -999 3 3 3 ]{11:CSTI 1}
[ 4 -999 3 3 3 1 ]{13:EQ}
[ 4 -999 3 3 0 ]{14:IFZERO 23}
[ 4 -999 3 3 ]{23:DUP}
[ 4 -999 3 3 3 ]{24:CSTI 2}
[ 4 -999 3 3 3 2 ]{26:EQ}
[ 4 -999 3 3 0 ]{27:IFZERO 36}
[ 4 -999 3 3 ]{36:DUP}
[ 4 -999 3 3 3 ]{37:CSTI 3}
[ 4 -999 3 3 3 3 ]{39:EQ}
[ 4 -999 3 3 1 ]{40:IFZERO 49}
[ 4 -999 3 3 ]{42:CSTI 30}
[ 4 -999 3 3 30 ]{44:PRINTI}
30 [ 4 -999 3 3 30 ]{45:INCSP -1}
[ 4 -999 3 3 ]{47:GOTO 49}
[ 4 -999 3 3 ]{49:INCSP -1}
[ 4 -999 3 ]{51:INCSP 0}
[ 4 -999 3 ]{53:RET 0}
[ 3 ]{4:STOP}